1 131 130   5  72
  2 132 116 131  27
  3 133  87 131   6
  4 131   5   6  27
  5 134 135  13 115
  6 135  10   1 129
  7 136 129 135  70
  8 135   1  13  70
  9  54 137 138 113
 10 137 113  67  68
 11 137  38  91  90
 12 137  67 139 126
 13 140  42  43 101
 14 137  68 138 113
 15 137  16 138 127
 16 137 127  17  16
 17 137 127 126  17
 18 136 135 134 115
 19 136  56 134  88
 20 134 115   4  56
 21 134  88   4  12
 22 134 141  88  12
 23 142 125 124  19
 24 142 125  19  18
 25  66 142 139 125
 26  52 142 139 111
 27 142  36  93  92
 28  36  78  37 142
 29 136 128  15 129
 30  18 142 139  78
 31 136 134 141  88
 32 136 134 135  73
 33 141  41   3  11
 34 141 143  11  73
 35 134 141  12  73
 36 141  11   3  73
 37 136 141  41  88
 38 144  32  82  83
 39 144 121  23  22
 40  96 144 107  97
 41  22 144 145  82
 42 144 121 120  23
 43 144  61 107 106
 44 144 120  62  61
 45  62 144 145 121
 46 132 133 140 101
 47  97 146  98  83
 48 146  24 120 119
 49 146  84  23  24
 50 144  82  33 145
 51 136 141  74  41
 52 145  21  82  81
 53 146  23  84  83
 54 133  42 140 101
 55 132 133  28  87
 56 133   7   6  42
 57 133 101  28   7
 58  51 147 142 110
 59 147  35  94  93
 60  35  79  36 147
 61 132 133 130 140
 62 136  89  88  40
 63 136 138  89  40
 64 147 148  94  35
 65 142  78  37 139
 66  19 147 142  79
 67  99  84  30  98
 68 143  14  74   2
 69  98 149  99  84
 70 149  25 150  85
 71 149  24 119  25
 72 105 146  60 149
 73  84  83  31  98
 74 146 106  60  61
 75  46 105  98  47
 76 149  85  84  24
 77 143 129  14  10
 78 132  43 140 102
 79 140  71 151 102
 80 133 130 140  42
 81 140  42 130   8
 82 140  71  43   8
 83 136 128  70  69
 84 136 143 141  73
 85 136  14 143 129
 86 136  56  88  89
 87 136  70 128 129
 88 135 143  73  10
 89  99 149 105 104
 90  45 104  99  46
 91 150 118 117  26
 92 150 104 103  58
 93 150  58 117  59
 94 144  83  97  32
 95 105  99  46  98
 96 150  59 117 118
 97 150  45 104  99
 98 138  68  69 114
 99 128  69 136 138
100 138 113  55  54
101  90  54 137 138
102 138  76  15  16
103 138  15 136 128
104  39 138 137  76
105 138 127  69  68
106 138  55  89  90
107 138  89  55 136
108 138  68 114 113
109 138  16 128 127
110 138  69 127 128
111  48 107  96  49
112  96 145 108 107
113  95 145 108  96
114  63 145 148 122
115 145 121  63  62
116  61 146 144 120
117 144  97 146 106
118 139  38  77  37
119  32  82  33 144
120 107  62 144 145
121 139  53  92  52
122 110 142  65 147
123 147  20 124 123
124 139  66 125  67
125 137  91  53  54
126  53 137 112 139
127 111  66 142 139
128 109  94  51 147
129 139  78  17  18
130 139 142  92  37
131 139  17 137 126
132 139 126  67 125
133 139 126 125  18
134 141  74  41  11
135  93  51 147 142
136 143  74  11   2
137 143   2  10  14
138 136  89  55  56
139 136 135 129 143
140 143  11  73  10
141 136  74 143  14
142 136  15  14 129
143 132 131 133  87
144 132 151 140 130
145 145  21 122  22
146 132 140 151 102
147 151  72   9  71
148 132  57 151 116
149 151   9  72  57
150 151  71 130  72
151 132  28  29  86
152 132 117 116  27
153 132 116  58  57
154  58 132 150 117
155 136  88  41  40
156 132 131 116 151
157 132  28 101 100
158 132 151  57 102
159  44 132 150 103
160 132  43 102  44
161 132 140  43 101
162 132 133 131 130
163 118 149  25 150
164  49 108  95  50
165  95 148 109 108
166 123 148  64 147
167 148 109 108  63
168  94 148 109  95
169 148  63 122  64
170 145  22  82  21
171 148  20 147 123
172 148  34 145  95
173 148  64 147 109
174 148 123  21  20
175 148 123 122  21
176  81 148  34 145
177 147 123  65  64
178 137  68  67 126
179 139  78  77  17
180 147  20  19 124
181  80 148  20 147
182 125  18 142 139
183  50 109  94  51
184 108  63 145 148
185  21 148 145 122
186 147 148 109  94
187 148 122 123  64
188 106  98  47  97
189 144 121  62 120
190  23 144 146 120
191 145 122 121  22
192 145 108  62  63
193  91  38 137 139
194 146 119 120  61
195 144 145  96 107
196 146  61  60 119
197  83  23 144 146
198 149 150 104  99
199  59 150 149 118
200  26 150 132 117
201 150 118  26  25
202  29 150 132  86
203 132 116 117  58
204 132  27  87  26
205 131  72 151 130
206 131   5  27 116
207 140   8  43  42
208 100  44 132 150
209 151  72 116  57
210 140 130 151  71
211 136  70 135 115
212  75 138  15 136
213 136  73 135 143
214 136 134  56 115
215  56 136 114  55
216 135  73   1  10
217  69 136 138 114
218 135  70  13 115
219 143   2  11  10
220 135  73  13   1
221 137  90  39  38
222  55 136 114 138
223 135   1  70 129
224 138  54  55  90
225 127 137  68 138
226 138  75  40 136
227 139  67 112  66
228 142 110 111  52
229 136  74 141 143
230 139  66 112 111
231 142 124  66  65
232 137 113 112  67
233 142 110  65 111
234 142 111  65  66
235 147 110  64  65
236 147 110  51 109
237 145  34  33  95
238  39  75  40 138
239 147 109  64 110
240 147 124  65 123
241 148  64 109  63
242 145  33  34  81
243 109  95  50  94
244 136  14  15  75
245 145 148  95 108
246 136  75  74  14
247 108  96  49  95
248 144  61  62 107
249 142  65 147 124
250 134 135  73  13
251  34  80  35 148
252 142  18  79  78
253 147  80  19  20
254 138  39  75  76
255 146  60 149 119
256 107  97  48  96
257  98 146 106 105
258 146 106 105  60
259 149 119  60 118
260 146 149 105  98
261 134  12   4  13
262 149 104  59 105
263 104  99  46 105
264 149  59  60 105
265 145 107  62 108
266 106  97  48 107
267 132  26  87  86
268 150  59 104  58
269 151 102  71   9
270 139  91  53 137
271 132 103  57  58
272 132 103  44 102
273 151  57 102   9
274 131  72   5 116
275 106  61 146 144
276 132 102  57 103
277 124  19 147 142
278 133 130  42   6
279  92  52 142 139
280 150  45 100  44
281  98 149 105  99
282  85  99  29 150
283 141  11 143  74
284 105  98  47 106
285  97 146 106  98
286 150  99 100  45
287 135 143  10 129
288 149  60  59 118
289 141   3  12  73
290 139 111 112  53
291 142  52  93  51
292  54 137 112  53
293 139  52 111  53
294 137 112 113  54
295 139  92  53  91
296 137  54  90  91
297 132 133 101  28
298 134  12  13  73
299 133   6 131 130
300 104  59 150 149
301 142 125  66 124
302 131   6  87  27
303 145 122  63 121
304 133  42 101   7
305 150  44 103  45
306 132  26 117  27
307 150  86  29  85
308  85  84  30  99
309 150  45 103 104
310 138  76  75  15
311 132  86  87  28
312 133   7  87   6
313  30  85  99  29
314 150 100  99  29
315 144  96  32  97
316 107  96  49 108
317  24 146 149 119
318 108  95  50 109
319 137  76  77  38
320 144  83  22  23
321  38 137 139  77
322 139  37  91  38
323 147  80  35  79
324 148  34  95  94
325 142  92  93  52
326 112 137  67 139
327 136  69 115 114
328 136  69  70 115
329 138  16  15 128
330 134 115  13   4
331 137  76  16  77
332 138  90  89  39
333 136  40  74  75
334 141  41  12   3
335 134  56   4  88
336 141  41  88  12
337 133   7  28  87
338 132 100 101  44
339  98  83  31  97
340 149 150  99  85
341 100  29 150 132
342 145 144  96  33
343 145  33  96  95
344 137 126 127  68
345  33 144  96  32
346 150  86  25  26
347 139  78  37  77
348 139  92  91  37
349  40 138  89  39
350 136 134  73 141
351 136  40  41  74
352 136 114 115  56
353 137  76  38  39
354  77 139  17 137
355 138 113 114  55
356  32  83  97  31
357  84 149  99  85
358 146  84 149  98
359  97 144 107 106
360  86  26 150 132
361  76 137  16 138
362  47 106  97  48
363 132 130 131 151
364 148  80  35 147
365 150  25  86  85
366 147  93  94  51
367  35 148  94  34
368 149  25  85  24
369 132  29  28 100
370 132  27 131  87
371  84  24 146 149
372 146  24  23 120
373 148  80  81  34
374  31  84  98  30
375 142 147  93  36
376 132  44 101  43
377  83 146  98  84
378 140  71   8 130
379  36 147  93  35
380 148  81  20  21
381 147  19  80  79
382 131 130   6   5
383 149 119 118  25
384 137  77  16  17
385 144  82  22  83
386  37 142  92  36
387 145  81  82  33
388  90  39 138 137
389 144  83 146  97
390 103  58 132 150
391 121  22 144 145
392 142  79  36  78
393 148  80  20  81
394  81  21 148 145
395 147  79  36 142
396 142  51 110  52
397 142  79  18  19
398 139  18  17 126
399 131 116 151  72
400 140  71 102  43